--8
insert into curtir
(1,1),
(1,2),
(1,3),
(1,4),

(2,1),
(2,2),
(2,3),
(2,4),

(3,1),
(3,2),
(3,3),
(3,4),

(4,1),
(4,2),
(4,3),
(4,4),

(5,1),
(5,2),
(5,3),
(5,4),

(6,1),
(6,2),
(6,3),
(6,4),

(7,1),
(7,2),
(7,3),
(7,4);

--9
insert into seguir --Seguir(#fk_seguidor, #fk_seguido)
(10,1),
(10,2),
(10,3),
(10,4),
(10,5),
(10,6),
(10,7),
(10,8),
(10,9),
--10 e 1 sao seguidores mutuos
(1,10),
(1,2),
(1,3),
(1,4),
(1,5),
(1,6),
(1,7),
(1,8),
(1,9),

--10
(6,2),
(6,3),
(6,4),
(6,5),

(5,2),
(5,3),
(5,4),
(5,6),

(4,2),
(4,3),
(4,5),
(4,6),

--11--Seguir(#fk_seguidor, #fk_seguido)
--7,8,9 seguem mutualmente
(7,8),
(7,9),
(8,7),
(8,9),
(9,7),
(9,8);

--12 --o id 2 nao segue ninguem
--13 IMPOSSIVEL por causa da questao 9